1010006  1030009  1050005  1060003  1080007
1040010  1070005  1090005  1100008
1010005  1020005  1050006  1060004  1080004  1080006
1010010  1020005  1060004  1080005  1080006
1030003  1070007  1090003  1100004
1010005  1010010  1060002  1080004  1080005
1030001  1030003  1070004  1090006  1100005
1010006  1010010  1020002  1020005  1060001  1060003  1080005  1080007
1010001  1050003  1050008  1060006  1080001
1030005  1070008  1090009  1100003
1010008  1020008  1040001  1050010  1060008  1080009
1010011  1020010  1050007
1030007  1050002  1090009  1100010
1010009  1010010  1020002  1020006  1030001  1040005  1050004  1050007  1060002  1070001  1070005  1080005  1080008  1090004  1100004
1010005  1020006  1040005  1050005  1060004  1080004
1010007  1020008  1050001  1060008  1080010
1030001  1040009  1070005  1090008  1100009
1010004  1020009  1040006  1050008  1060010
1010011  1020010  1050010  1090005
1010010  1020005  1050004  1060004  1080005  1080006
1040008  1070005  1090005  1100002
1010001  1020003  1050003  1060006  1080001
1010003  1020001  1050003  1060005  1080003
1030001  1040005  1040010  1050008
1030005  1070008  1090007  1100006
1010001  1010003  1020001  1050003  1050007  1080001  1080003
1030004  1050010  1070009  1090005  1100002
1030010  1070004  1070010  1090010  1100010
1010010  1020005  1050004  1050006  1060004  1080005
1010003  1020003  1050003  1060006  1080003
1030003  1050007  1070007  1090001  1100008
1010011  1020010  1030005  1050009  1090004  1100002
1010006  1020006  1030009  1050005  1060002  1080007
1010005  1010007  1060003  1060008  1080004  1080010
1010007  1010008  1020008  1050007  1050010  1060008  1080009  1080010
1050009  1070001  1070010  1090010  1100004
1010001  1010003  1020001  1050003  1050009  1060006
1020005  1050004  1050005  1060004
1020005  1050006  1060002  1070001  1070003
1010005  1050005  1050006  1060003  1080004
1040002  1040006
1030003  1050005  1090003  1100003
1010009  1050004  1060003  1080007
1010011  1050009  1060007
1010003  1020004  1050003  1060007
1010010  1020002  1060004
1050002  1070005  1090002  1100008
1020007  1040008  1050010
1030001  1090005  1100002
1010010  1020005  1050004  1060002
1030003  1090009  1100010
1030003  1090003  1100010
1030003  1050006  1090003  1100010
1030003  1050006  1090003  1100010
1010011  1060007  1060009
1030006  1050009  1090003
1020008  1020009  1040002
1010010  1050005  1060004  1080005
1070010  1090008  1100010
1010006  1020010  1050008
1030007  1090001  1100009
1010009  1020006  1050001  1060001  1080008
1030002  1050006  1100004
1010006  1050005  1060003  1080007
1010001  1010003  1050008  1060005
1020001  1050003  1060006  1080001
1010003  1010008  1050007  1080003  1080009
1010010  1020006  1050006  1060004  1080005
1010003  1020001  1050003  1080003
1010006  1010010  1060003  1080005  1080007
1010001  1020004  1050001  1080001
1010007  1020008  1060008  1080010
1010004  1020009  1050008  1060010
1010006  1010009  1040006  1050006  1070005
1010010  1020005  1050006  1060003  1080005
1030003  1070001  1070002  1090006  1100005
1030002  1050009  1070006  1090004  1100004
1010007  1020008  1050008  1060008  1080010
1020006  1030010  1050005  1060002
1010007  1020008  1050010  1060008  1080010
1010010  1050006  1060003  1080005  1080006
1030009  1050007  1100008  1100010
1020005  1030009  1040010  1060001  1070005
1030003  1050009  1070007  1090002  1100008
1010007  1010008  1020008  1060008  1080009  1080010
1010010  1050006  1080005  1080006
1030001  1040002  1050010  1070005  1100008
1010010  1020005  1060004  1080005
1010010  1020005  1060004  1080006
1010004  1020009  1050010  1060010  1090005
1030010  1050006  1090009  1100010
1010004  1020009  1050010  1060010
1020006  1040010  1050005  1080006
1030005  1050009  1070002  1090004  1100004
1010003  1020003  1060005  1080003
1010005  1020002  1050005  1060001  1060004  1080006
1030001  1030003  1070007  1090006  1090010  1100005  1100010
1030010  1070001  1070004  1090001  1100008
1010011  1020010  1050010
1030002  1050007  1070007  1090004  1100003
1010005  1010009  1050004  1050006  1060002
1010010  1060003  1080005  1080006
1030001  1040002  1050010  1070005
1010006  1040002  1050006  1080007
1010007  1020008  1060008  1080010  1090005
1030005  1070009  1090005  1100008
1030001  1040001  1040002  1070005
1020002  1030010  1050005  1060003
1010010  1050006  1080005  1080006
1010010  1050005  1060003  1080006
1010006  1010009  1050005  1060002
1010007  1020008  1050010  1060008  1080010
1010001  1030007  1050001  1080001
1010003  1010005  1050006  1080003  1080004
1020005  1050005  1060004  1080006
1020005  1050005  1060003  1080005  1080006
1010005  1010010  1060002  1080004  1080006
1030002  1050007  1070006  1090004  1100004
1010001  1020001  1040003  1050003  1050007  1060006  1080001
1010010  1020002  1050005  1060004  1080005
1010003  1030001  1040006  1050009  1070005  1080002  1100008
1010010  1020005  1050006  1080006
1030002  1070006  1090006  1100001
1020005  1020006  1040002  1050007  1060002
1010001  1020004  1050007  1060005
1030010  1040008  1050004
1030001  1040010  1070001  1070002
1020002  1050006  1060004
1030003  1090001  1090002
1010008  1040007  1080009
1010006  1010009  1050005  1060001  1080006
1040006  1070002  1090006  1100005
1010010  1050009  1080006
1020006  1060004  1080006
1010008  1020007  1060008  1080009
1010004  1020009  1060010
1010004  1020009  1060010
1010004  1020009  1050008
1030003  1090005  1100007
1010004  1050007  1060010
1010008  1020007  1040009  1080009
1010005  1050006  1060003  1080004
1030001  1070002  1090006  1100005
1040010  1050007  1070002
1010007  1020007  1080010
1010005  1020002  1050004  1060003  1080004
1010009  1020002  1050005  1060002  1080006  1080008
1010001  1010010  1060003  1060005  1080001  1080004
1040001  1070002  1070005  1090004  1100003
1010010  1030005  1070008  1080005
1020002  1050006  1060002
1010006  1010009  1020002  1080007  1080008
1030003  1050008  1090001  1090002
1050009  1090004  1100003
1030010  1050006  1070005
1010009  1050005  1060002  1080008
1030003  1050007  1090001  1100008
1010005  1010009  1080004  1080008
1030005  1070009  1090006  1100008
1020002  1050006  1060004
1030010  1050005  1060001
1010006  1050004  1060002  1080006
1010009  1050006  1080006  1080008
1030007  1030010  1050006  1090002  1100003
1010005  1050005  1060003  1080004
1010010  1020002  1050004  1080005  1080006
1010006  1010010  1020006  1060003  1080005  1080007
1010003  1050002  1050007  1050010  1060005
1030008  1050009  1090004  1090005
1010005  1020005  1050006  1060004  1080004
1010007  1010010  1060003  1060008  1080005  1080006  1080010
1030005  1050008  1070009
1030003  1070004  1070010  1090004  1100003
1030003  1070001  1070004  1090003  1100008
1010005  1050005  1060002  1080004  1080006
1030010  1050006  1060002  1100008
1010009  1010010  1030001  1050004  1060001  1080005  1080008
1030003  1040001  1050009  1090003  1100007
1010004  1010011  1020009  1020010  1050010  1060010
1020002  1030010  1050006  1060002
1010010  1020005  1050004  1060004  1080005  1080006
1010006  1010010  1020002  1020005  1050004  1050006  1060001  1060004  1080005  1080006  1080007
1010001  1010003  1020001  1020003  1060005  1080001  1080003
1010010  1020006  1050004  1080005  1080006
1030001  1040010  1050009  1070005  1100008
1030003  1040002  1050009  1090003  1100008
1010010  1020005  1050005  1080005  1080006
1010010  1020005  1050005  1080005  1080006
1010007  1010010  1020007  1060008  1080005  1080006  1080010
1010011  1020010  1090005
1010005  1020002  1050004  1060004  1080004
1010006  1050005  1060003  1080007
1010008  1020007  1060008  1080009
1010007  1020008  1040001  1050010  1060008  1080010
1030001  1040003  1040009  1070002  1070003
1010010  1020005  1050006  1060004  1080005  1080006
1030010  1050006  1070005  1090004  1100003
1050004  1050006  1060002  1080006
1010007  1020007  1060008  1080010
1030008  1090008  1100010